1000 20 20 2000
15.1153 60.0528 10010.4
77.1584 166.549 10019
28.8442 80.0773 10080.9
109.085 174.598 9954.58
171.511 167.585 9929.31
185.805 93.6905 9919.18
164.194 135.468 10014.9
74.3532 82.8514 9971.94
164.562 92.706 9961.7
9.1579 13.1765 9980.67
190.674 93.158 9908.32
126.977 178.33 9999.21
33.5935 81.8187 10021.3
17.3672 164.799 10012
28.8855 128.732 10026.6
4.25578 157.846 10002.7
166.947 131.082 9966.76
192.048 117.06 9983.88
94.9925 15.845 10058.6
35.2591 117.305 10000.5
127.837 164.322 9976.14
13.2013 30.2638 10093.1
163.531 60.6249 10071.2
5.81973 38.0563 10008
102.88 107.663 9941.27
172.721 100.134 10001.2
69.3996 8.41285 9927.03
79.4208 135.612 10045.3
43.7473 122.914 9916.12
99.3537 168.754 10055.7
143.934 182.35 9998.59
95.48 78.9547 9946.92
82.6595 165.961 10046.4
11.3933 26.2876 10016.6
99.0721 56.9339 9996.4
177.264 19.6479 10015.2
53.5582 7.47185 10074.7
9.37068 63.783 9963.48
90.2251 59.9669 10051.5
133.996 89.4864 10040
24.7935 167.952 9962.7
28.7345 18.7198 9873.43
129.295 18.0247 9963.38
146.081 62.3542 9993.99
126.491 94.3191 9911.09
152.147 92.4719 9980.01
67.4623 54.9512 10071.3
176.165 171.963 9882.84
86.6546 111.152 9982.11
195.565 195.765 10026.4
75.0836 90.2782 9989.27
139.117 90.5103 9983.46
146.377 132.487 10060.6
94.7685 43.3455 10004.6
101.129 65.2481 10020.1
55.8815 157.556 10035.1
127.024 123.085 9955.19
190.148 100.639 10026.8
33.4801 179.98 9970.89
71.6609 145.099 9918.63
101.569 166.754 9916.9
136.676 191.369 10060
9.08506 130.357 10042.6
115.569 163.875 10067.9
67.5754 118.914 10017.1
109.568 8.844 10077.4
121.727 195.395 9925.77
110.398 69.9822 10067.3
153.196 62.9664 9949.42
183.491 106.708 10054.3
2.75732 110.319 10028.9
11.3982 40.6557 9980.3
5.67686 134.35 9974.17
140.492 1.38207 10032
24.9224 189.935 9984.16
138.481 141.233 10060
174.952 62.1088 10000.9
66.3121 147.048 9921.96
66.9269 48.768 9991.25
171.015 103.079 10032.3
197.405 62.8591 9967.12
69.9457 142.507 10071.9
72.0829 22.4414 10078.8
90.1613 182.991 10014.6
139.509 33.2649 9954.79
91.0227 110.344 9984.32
98.3066 116.441 9936.37
28.9568 176.191 9996.79
31.4602 106.586 10021.5
57.1012 25.7789 10015.5
128.601 105.108 9981.12
75.5326 129.898 10091.3
15.6567 17.8296 10057
173.715 105.309 9940.91
168.176 26.0066 9980.73
197.065 184.51 10004.4
111.408 146.478 9913.14
55.5167 35.2803 9853.04
31.5482 11.3076 10018.5
5.69061 156.163 9980.38
9.31932 165.89 10021.6
100.109 165.552 10059.9
45.3506 15.3097 10029.9
9.8929 184.133 10036.7
193.502 148.695 9912.56
6.31434 135.875 9963.06
137.554 129.727 9910.78
134.654 167.766 10004.7
144.113 170.918 9996.82
186.175 33.0431 9953.5
125.286 109.891 9961.98
23.803 72.2073 9980.95
131.771 44.2257 9991.42
198.299 139.806 9972.62
180.025 58.7859 9888.93
107.9 8.44701 10003.6
5.81462 174.376 10056.3
179.901 188.552 10005
95.5239 146.243 9977.25
103.34 73.1668 9969.37
192.788 139.147 10047.5
31.9206 100.556 10026.5
43.3202 53.4122 9919.25
62.7594 87.1791 10033.5
118.497 161.511 9902.86
144.789 158.152 9933.76
148.594 145.003 9955.69
167.779 147.62 10007.5
23.9514 141.239 9914.12
18.7349 144.04 10069.7
9.58917 188.28 9932.69
7.73408 152.324 10044.2
79.5309 160.057 9980.63
149.134 62.9323 10002.3
137.386 78.2535 9932.9
64.0798 31.9743 10066.6
122.975 71.6789 9945.98
53.0606 114.969 9913.93
160.244 95.9547 9999.91
111.443 198.082 9966.07
13.9076 68.7095 10063.2
142.533 79.5536 10024.3
99.7582 131.813 9995.44
59.2584 47.7705 9991.45
18.3451 149.161 9948.24
62.0942 158.137 9964.34
143.727 140.131 9959.78
17.3784 10.2722 9986.28
167.693 23.4862 9979.57
31.7441 151.134 10046.1
37.4257 166.406 9951.96
117.902 32.7409 9980.75
155.029 10.6748 10029.8
148.128 67.0257 10021
95.1272 150.188 9988.57
89.2612 189.474 10074.5
71.1836 198.82 9905.59
113.532 42.638 9993.15
26.1023 18.8694 9937.68
170.154 183.923 10007.2
197.29 168.02 9899.63
172.635 135.961 9994.19
1.12082 63.3241 10012
180.677 174.455 10046.1
163.932 189.835 10007.5
17.1744 141.498 9990.3
23.5962 158.911 9982.28
38.6982 177.719 10064.3
30.1117 78.1355 10032.4
61.7145 43.8079 9993.24
140.602 4.13785 9945.68
192.981 87.8363 10047.9
184.376 73.4869 9945.02
80.9798 171.323 9971.08
128.59 114.715 10061.8
51.0412 11.0564 10011.3
25.236 133.655 9968.05
100.481 11.7442 10043.9
51.5116 165.194 10078.4
180.377 20.4033 10027.6
43.7181 27.8025 10014.2
80.5687 126.703 9981.01
150.112 62.7963 9969.18
167.072 23.1 9976.17
43.0046 168.862 9967.01
9.93515 165.496 10006.5
70.3521 178.422 9891.84
77.0517 104.95 9980.06
71.736 195.4 9954.35
122.082 135.361 9890
186.806 31.8289 9901.98
104.934 125.597 9923.49
2.17675 199.572 9999.99
129.873 76.2922 9996.54
86.2331 40.1285 9972.96
84.4569 0.87885 9974.12
119.552 148.921 10057.2
83.7183 21.8993 9990.35
83.5234 38.2045 10014.7
53.6923 111.309 10001
102.027 58.6824 9955.66
117.167 175.429 10042.6
110.14 172.544 9956.52
0.788777 165.192 9990.77
53.9032 12.7089 9981.68
113.05 0.184075 10019.8
129.808 46.7692 9971.39
180.134 68.5788 10001.1
113.805 50.7852 9918.12
29.0688 29.8421 9969.61
113.465 181.094 10033.8
149.08 57.5421 10050.8
42.3065 66.2773 10025.8
144.084 96.5156 10001.4
52.887 6.00237 10096
190.802 4.46663 9987.29
120.933 130.142 9954
138.661 133.087 10077.4
182.536 154.415 9990.49
129.771 52.2465 10073
78.5678 95.5337 10016.7
60.7378 109.441 10045.4
192.882 186.954 9951.02
18.5157 140.107 9959.68
165.308 29.8308 9974.03
197.748 16.0926 9962.94
140.685 160.494 9993.25
162.605 134.737 9990.35
183.47 170.6 10013.7
22.5254 191.584 10026.2
120.035 13.4037 10044.4
50.5783 138.331 9951.22
92.9697 79.6854 10054.1
27.9555 130.538 10010.6
60.1079 150.302 9948.6
48.8099 87.3879 9903.87
45.6019 65.7392 10007.5
182.347 156.16 10006.1
25.1326 4.32185 9907.89
44.1562 198.557 9980.27
78.954 116.03 9925.74
187.252 144.282 10055.4
190.029 66.4519 9970.53
48.7605 83.6527 10054.5
135.525 174.8 10030.3
191.391 193.624 9984.28
159.361 25.8734 10025.2
173.943 82.9481 9903.15
90.8748 131.002 10042.5
197.443 146.053 10075.5
61.0627 133.526 10033.3
41.7151 81.9734 9963.9
118.503 113.555 9999.56
111.854 70.924 9873.96
157.343 185.194 10090.3
96.0493 183.187 10069.6
15.2217 2.55769 10026.5
43.5075 11.8197 10018.9
57.2562 153.193 9943.88
48.1658 123.99 9979.58
68.3989 61.7282 10025.5
101.906 98.2041 10013
50.5219 59.6404 9948.32
55.1299 97.7104 9937.09
134.067 39.0209 9978.54
73.8979 170.842 10029.6
62.5262 98.3062 10058.7
147.509 84.165 10092.4
74.9929 52.7966 9974.36
88.0189 83.6523 10026.7
73.2879 24.656 10024.1
157.88 62.4565 10034.9
61.2222 174.601 10010.1
98.2093 10.2919 10028.5
27.912 196.589 9949.23
119.463 172.308 9885.32
199.343 62.1112 10002.1
48.942 117.225 9952.24
128.057 96.5531 9929.76
186.065 76.7839 10031.1
72.6319 78.8664 9942.34
64.9695 76.1343 9941.09
24.5323 61.8529 10018.4
156.025 26.5058 10017.1
40.6363 81.4753 10006.2
0.844696 54.1732 10020.1
163.265 82.8072 9921.22
124.207 185.162 10002.9
71.5843 81.9207 10020.2
60.516 5.4495 9983.19
41.6088 183.081 9952.54
170.467 31.7655 9989.49
134.672 135.704 10035.2
80.8582 71.0679 10021.4
132.941 133.182 10016.8
111.893 84.8491 9999.56
185.619 39.4627 10028.8
178.865 63.9692 9995.52
49.7578 80.5224 10049.2
92.9856 93.8304 10073.3
134.484 102.966 10029.3
136.973 56.104 10002.9
176.432 105.875 10034.6
119.289 25.3656 10013.7
132.728 150.481 10090.3
98.508 120.117 10048.5
155.408 63.917 10009.3
17.228 131.078 9862.97
148.458 82.7434 10093.3
136.928 46.8292 9959.1
23.4013 10.0388 9932.78
148.437 101.226 9990.22
130.043 172.262 10043.7
184.605 197.491 10083.8
195.777 60.91 10013.2
110.037 72.6719 10035.4
48.7168 75.5112 9983.8
67.8588 91.6339 9992
12.2432 36.8587 9984.66
155.755 18.3293 9992.07
114.476 154.182 9927.08
22.1919 154.805 9875.35
72.9287 127.723 10010.7
79.8754 142.815 10043.9
56.1394 93.9951 9871.72
4.41421 75.6661 10105.6
173.481 44.4133 10055.4
149.569 75.0761 9996.04
24.4692 100.456 9976.86
69.9319 152.944 9948.91
91.1094 129.554 9952.83
101.094 71.1898 10009.2
39.0646 124.408 9975.41
184.641 118.171 9922.67
149.112 27.13 10016
78.9964 141.875 10070.8
105.629 192.531 10041.1
102.432 158.634 10048.4
4.84863 56.3655 10056.7
94.8769 95.8556 9973.1
63.632 74.6006 9932.18
66.9857 193.983 10107
112.419 137.359 10048.5
85.3786 22.9349 10004.9
58.0813 190.065 9889.32
63.2955 9.25365 10096.1
71.1762 38.3097 9971.62
179.921 170.919 10142.9
5.80915 10.1266 9975.82
1.62699 150.278 10056.8
90.0318 145.724 9924.94
122.525 72.4237 10103.9
115.3 154.541 10023.2
103.77 171.587 10051.4
95.6207 58.4102 9972.85
122.639 114.822 9932.12
3.16307 51.7133 9980.76
116.572 48.1921 10057
56.6299 156.169 9995.44
40.2464 134.869 10067.4
146.34 1.35316 9941.9
58.9548 133.55 10009.8
52.8596 148.23 10004.7
45.3778 68.7401 10007.7
60.6122 39.5695 9952.88
170.776 2.99101 10026.1
27.9083 179.845 9977.24
134.965 171.213 9977.24
31.5094 151.262 9965.28
118.616 9.38078 9944.44
117.782 183.068 10000.9
138.037 176.385 9962.89
146.173 182.632 9987.89
107.028 193.386 10019
189.547 70.595 10032.1
44.7876 75.4218 10000.3
54.8944 94.9969 9906.24
155.946 35.6046 10034.9
54.3182 15.6532 9944.24
78.2601 49.9597 9961.73
34.7055 62.2845 9958.37
39.6524 85.0851 9951.27
78.648 118.812 9987.33
85.2606 115.725 10012.8
198.872 145.336 10102
8.97933 133.248 9961.42
125.346 139.479 9965.67
177.379 94.0791 9990.24
171.736 76.828 9983.41
167.781 51.0875 10139.6
93.8182 54.3382 9978.92
13.3238 44.1836 9912.88
23.6971 130.948 10092.4
72.7499 82.7227 10018.2
41.6224 149.57 9988.55
177.929 133.713 10031.1
131.569 110.476 9927.44
70.9248 108.82 9987.83
87.3773 45.231 10004.2
4.62213 55.9174 9883.24
7.76451 183.86 9996.42
182.997 163.913 9987.49
196.434 149.837 10007.6
81.3517 84.4512 10055
92.4786 171.403 9981.74
90.9818 11.7456 10007
55.9797 153.045 9925.08
45.226 100.631 10042.1
190.994 152.255 10061.7
52.072 43.1119 9924.57
81.0186 127.703 10074
59.2199 47.0091 10087.3
189.223 52.4798 9983.14
128.803 198.58 9970.68
98.7224 199.585 9945
46.2175 96.3829 9946.11
48.8442 149.776 10026.1
155.516 196.745 9983.75
36.5921 28.6705 10147.8
133.403 22.4232 10040.1
97.5119 199.725 9996.8
140.435 82.7699 9963.12
23.6967 174.948 9959.08
178.873 44.2118 10058.8
33.641 53.8457 10017.4
164.259 19.6957 10005.2
10.3953 153.491 9921.63
60.3884 176.642 9991.67
115.639 1.4839 9931.34
54.5328 37.0132 9949.63
29.4986 67.4824 9975.44
58.9618 110.294 10034.7
85.6435 149.845 10095
93.0255 136.835 10018.7
1.45036 40.9279 9997.67
192.785 86.3172 9987.1
188.716 63.9862 9948.39
92.2429 102.836 10019.5
155.233 180.863 10115.9
176.698 178.694 10011
15.0215 66.2187 10019.5
147.068 107.815 10044.6
125.762 114.746 10099.8
154.357 10.8815 10007.1
101.654 60.8437 9989.97
141.165 162.375 10040
118.233 91.8271 9942.46
114.235 36.192 9935.43
150.881 7.93459 9936.05
128.813 21.6543 10037.7
161.296 80.6973 9917.86
94.1415 195.764 10017
140.604 27.4001 9987.4
38.075 59.1315 10031
158.278 126.13 9999.6
101.548 173.35 9990.5
22.8987 146.886 9977.46
129.424 23.6783 9936.55
63.003 160.282 10074.5
10.4366 124.926 10067.2
183.922 115.77 10016.6
162.295 156.498 9999.46
106.941 49.1125 9988.25
87.6193 5.23175 10079.8
56.4952 194.892 9995.34
25.3959 142.023 10049.4
70.0679 28.2985 10028.7
155.878 162.774 9956
115.171 25.1073 10000.6
16.2124 190.707 10007.8
4.55731 69.0311 10023.4
40.1781 90.3662 9928.13
41.4684 113.335 9946.06
81.9299 40.3668 9960.34
142.174 100.214 9855.09
103.925 81.4149 9923.29
162.928 143.899 10076
79.9012 199.041 10079.2
76.4893 134.926 9930.66
57.8239 102.482 10040.4
49.3132 197.832 10020.7
12.6026 190.818 9991.44
121.996 59.5955 9969.25
140.549 143.492 10035.8
183.245 3.49829 10020
136.437 100.183 9970.34
95.8322 96.1029 10050.8
22.5244 33.8879 9979.51
120.344 171.904 9977.68
31.4824 37.8465 9942.33
183.813 92.2451 10032.3
174.981 146.897 9996.79
170.948 128.867 9944.56
12.264 73.2609 10027.6
63.4555 1.53043 9927.29
19.8097 128.769 10011.9
18.6181 12.3507 10022.3
80.2368 59.2198 10028.6
130.555 96.6514 9880.84
115.102 182.556 10015.9
155.1 45.9135 10108.6
44.2477 169.861 10077.9
144.51 29.3109 10002.3
160.792 101.447 9979.5
9.62192 198.453 10073.5
58.2504 32.981 9991.98
132.046 113.092 9966.45
113.941 172.842 10031.7
135.649 0.833199 9982.74
65.6647 37.8636 9959.27
6.66784 79.7509 10008.2
90.836 169.548 9963.32
39.3166 113.213 10053.6
133.566 133.071 10022.5
8.14945 195.959 10002.2
61.7502 179.127 9928.3
76.1622 103.464 9979
99.2922 8.59081 9968.18
189.545 93.0975 10002.6
100.428 53.5393 9951.83
34.4719 114.39 10006.5
77.9119 193.463 9949.32
61.8653 126.994 10003.9
62.9262 41.4668 9890.59
6.48978 123.396 10090.8
158.129 169.384 9989.67
45.798 98.7342 10020.1
132.468 156.864 9969.94
162.168 23.8433 10043.3
78.2351 116.019 10075.5
114.831 50.3295 9997.54
81.5284 93.7828 9976.54
85.411 131.912 9990.75
99.265 77.5578 10039.7
154.441 48.8896 9940.55
171.593 90.5082 10021.1
118.216 129.996 9995.19
3.73309 31.8717 10073.6
100.706 173.947 9940.06
133.795 69.7509 9982.17
69.498 168.104 9949.23
167.355 146.126 10025.8
17.3063 67.7747 10014.5
109.514 58.1209 10036.1
46.6271 157.075 10102.3
64.5255 183.115 10042.6
18.6081 47.8035 10013.7
152.014 177.543 10059.7
187.378 141.137 9964.42
61.5303 119.18 10054.8
72.943 145.708 10006.7
115.114 181.314 9998.37
199.997 52.0876 10096.7
196.571 181.837 10012.8
12.0203 139.829 10032.9
1.15236 7.41098 9995.12
73.8678 43.3857 9987.08
29.9636 172.192 9956.31
155.642 116.66 10075
63.0271 199.602 9970.73
161.946 135.498 9998.58
161.783 75.7323 10019.3
40.3166 12.0872 9938.32
133.295 159.935 9998.3
172.695 68.5826 9988.98
162.703 46.8867 9855.37
117.37 66.4503 9988.78
136.307 32.4786 10076.6
106.944 86.2271 10054.5
83.6919 112.37 9935.16
63.247 183.197 9904.91
89.0544 40.6613 9925.22
132.671 187.073 9942.7
20.1377 67.7458 9936.98
14.7083 99.1754 10002.2
110.726 70.1317 10019.4
180.756 122.889 9997.63
115.221 126.316 10030.7
7.54252 30.8688 10073.9
78.9634 4.09381 9966.37
69.1528 148.69 10053.3
39.6736 21.569 10019.9
168.482 63.884 10043.3
8.62809 173.639 10103
78.2682 10.2887 10030.5
156.447 75.0759 9985.3
30.5188 140.696 9955.19
121.881 150.617 9942.02
147.148 70.6319 10044.2
113.533 132.472 10005.7
112.685 101.788 10000.9
65.9975 123.234 10036.7
33.2375 69.4725 9998.92
190.45 87.3687 9971.4
119.105 57.4009 9969.68
54.5307 7.84486 9967.66
2.58355 79.7557 10141.2
139.835 135.115 10008.6
23.3422 60.9009 9981.39
198.087 194.874 9997.88
31.2481 90.3766 10000.6
179.833 14.5518 10065.8
181.126 169.386 10014.7
45.8686 52.0913 10015.8
25.8031 92.9591 10078.8
175.533 113.454 9972.2
76.3741 90.9002 9953.78
9.02027 83.2791 9987.55
175.743 79.4672 10023.3
109.48 197.46 9956.62
175.132 39.7742 9956.9
100.906 13.7826 10053.7
17.6318 121.877 9959.93
126.102 101.755 9888.43
45.8372 82.2163 9986.37
109.092 150.435 10012.4
155.492 188.806 9971
96.5919 21.8203 9979.23
87.0605 76.8711 10020.9
170.297 190.632 9965.68
113.909 47.2487 10001.4
117.867 27.8032 10062.2
103.007 68.6766 9997.37
120.847 21.2933 10016.7
12.4278 4.99254 9884.61
61.2812 137.014 10003.6
102.638 88.4718 9996.92
191.099 146.629 9919.13
73.821 190.134 9983
142.28 54.6426 10090.4
13.5046 133.367 9972.57
21.1939 176.466 9991.48
186.995 6.27837 10006
152.19 187.649 10105.7
159.518 194.719 10042.2
178.888 0.498645 9991.12
46.4454 146.338 10047
76.2075 168.651 9928.98
115.346 11.4894 10019.8
91.3744 19.4526 9990.78
186.392 98.7929 9922.91
2.21023 66.3827 10015.5
91.5772 184.816 10030.9
11.0539 165.837 10063
186.634 5.13387 9971.44
159.52 18.6439 9999.1
142.738 69.1437 9965.9
176.269 158.735 9978.72
122.43 121.169 9992.33
111.36 36.0373 9992.49
182.977 157.773 10033.4
197.962 176.191 10027.6
150.067 11.298 10021.5
20.4969 193.94 10020.5
87.5921 59.6029 10004.9
33.4865 176.4 10023.9
192.506 20.6574 10004.9
153.363 3.97257 9938.95
174.316 71.0641 9932.79
161.356 23.467 10015.8
16.3077 101.71 10068.4
55.9286 37.459 10079.4
46.4242 39.4273 9975.09
8.06315 118.604 10033.5
4.37843 175.101 9990.02
87.6473 40.5133 9979.49
34.372 23.2474 10032
9.65029 28.2044 10007.7
190.55 199.532 9943.05
22.1011 169.488 9963.58
53.6663 153.156 9993.99
83.4161 86.5335 9980.12
124.323 104.727 10041.1
115.779 182.785 9904.45
25.8633 161.355 9978.28
36.5866 38.67 10039.9
14.1339 5.49377 9994.53
142.662 103.795 9994.23
87.7403 184.103 10082.1
185.84 94.7426 10011.2
175.514 159.222 10019.4
123.471 163.06 10053
174.668 136.342 9968.92
197.53 91.377 10090.7
4.75866 135.401 9960.08
63.2873 106.72 10023.1
93.1195 58.0342 9910.1
61.6059 2.03949 10049.3
132.225 53.6938 10018.3
154.236 96.9628 10018.2
54.2293 159.248 10015
144.493 37.8318 10045.8
125.068 59.4811 10009.9
128.414 88.5293 9900.56
136.851 71.9642 10028.7
32.3283 175.135 9956
83.5325 182.606 9921.78
92.1467 119.072 9984.45
162.6 32.963 9956.02
9.62804 120.68 10097.5
57.2081 6.78508 10023.2
109.774 73.5972 10039.6
87.3108 13.8802 10137.4
77.0616 110.506 10060.6
135.805 65.5419 9978.8
33.614 148.632 9920.15
118.968 185.801 9939.18
181.265 48.8715 9944.08
31.7729 123.748 10053.5
66.6754 35.1439 9995.84
13.6451 20.2796 10002.2
133.948 87.7483 9963.95
82.4698 23.8431 9908.7
17.6011 162.525 10007
103.076 61.5598 10027.6
40.1335 139.506 10021.5
185.828 44.1014 10021.4
5.15839 140.736 9984.35
69.6489 60.0108 10072.5
79.0007 165.947 9941.52
47.9604 61.1389 10003.1
25.2198 144.779 10034
170.219 152.347 9940.51
39.4292 194.036 10022.7
68.7095 81.172 9953.3
175.448 14.0576 10077.3
59.9838 128.579 10029.3
111.979 3.52716 9964.5
123.05 12.2761 10028.3
25.3895 117.349 10032.9
74.0107 199.776 9981.52
135.241 132.129 9966.77
61.5534 3.68867 10094.1
96.1457 39.0599 9933.73
50.993 124.458 9935.8
27.8112 195.361 10042.4
133.178 134.52 9914.85
61.6826 185.494 10021.4
138.792 174.891 10075.3
92.8862 68.0163 9952.72
136.067 118.325 9954.79
192.888 63.5161 9960.4
32.8767 32.6793 10017.5
39.1989 159.051 9974.7
35.5093 107.173 9945.93
189.202 54.4096 9998.48
11.4937 141.473 10057.5
180.067 104.376 10016.3
117.056 147.129 9997.05
170.617 17.4093 9999.88
83.8881 167.918 10057.1
103.833 92.7748 9945.22
143.532 68.2353 9985.82
160.426 94.7417 9994.16
132.708 80.8083 10067.3
126.028 133.949 10010.7
71.4016 71.959 9976.1
152.331 37.0937 10045.7
47.4216 162.273 10004.8
73.3935 11.4796 9998.05
5.11975 56.1532 9998.72
72.0954 155.371 9974.32
196.797 151.472 9998.36
179.67 96.3282 9996.14
46.6254 78.6574 10013.1
73.1411 3.91092 10029.8
166.404 198.066 9965.07
18.6797 158.925 9940.05
47.0941 133.77 9995.15
47.7407 191.008 10059
178.172 130.57 10010.8
27.8305 77.9649 10113.1
169.636 154.961 10010.8
101.494 2.501 9930.12
165.904 172.352 10019.1
144.804 62.556 10113.4
75.7751 59.6936 10018.7
178.229 5.50105 9995.59
95.3644 106.106 9984.01
168.731 33.8502 9946.88
40.6858 67.8682 10094.7
187.368 162.519 10000.7
104.604 87.9136 9938.02
121.921 21.356 10067.7
113.846 66.6384 10023.9
5.97326 25.8862 9947.65
183.694 50.7255 9989.98
88.4596 14.344 9947.36
128.102 75.7725 9989.5
33.0766 18.0921 9972.41
174.718 168.043 9947.68
134.589 67.5539 9904.15
32.6487 1.00508 10003.3
116.84 71.5072 9986.18
17.6352 179.043 9973.65
38.8679 189.247 9993.07
159.286 71.062 10017.9
79.5235 148.809 9980.98
27.9686 170.638 9987.14
17.7079 157.12 9952.99
20.8103 6.78516 9951.39
175.649 192.29 10063.7
194.454 112.359 9986.73
49.0685 62.36 10022
170.702 31.4256 9957.95
141.231 125.244 9996.66
163.419 125.786 9984.67
113.869 185.725 10056.4
171.682 90.2005 9985.48
154.905 185.098 10031.6
168.201 146.496 10045.2
93.7067 8.95155 10017.1
14.802 35.9461 10004.5
127.748 48.0693 10092.6
191.627 189.863 9959.78
195.174 183.911 9979.6
190.261 189.095 9898.76
126.803 119.62 9978.07
94.5935 168.243 10021.5
67.5867 146.175 9984.19
182.271 90.83 9960.97
96.7385 182.549 10055
33.0909 114.756 9903.92
148.016 146.683 10052.6
88.0072 72.1381 9986.22
180.462 131.304 9951.48
6.04457 186.151 9935.34
167.38 121.777 9996.51
2.94644 193.746 10038.7
42.966 152.185 9940.43
48.694 189.608 9959.07
114.207 17.871 10010.6
24.6371 151.379 10026.9
126.425 110.079 9921.12
100.019 121.639 10060.9
197.866 35.8905 9985.16
158.34 20.9843 10027.8
9.26205 49.6423 9995.96
112.26 129.605 10022.6
177.22 148.913 9938.13
155.075 51.9881 9935.95
20.8581 56.1334 9999.45
113.279 67.7883 10005.9
121.771 142.056 9975.67
25.2922 87.9333 10079.1
199.368 59.8218 9964.34
167.845 57.8302 10000.9
180.231 194.504 9979.28
62.4972 82.6371 10045.1
194.853 173.994 9976.17
96.294 180.239 10064.8
73.0625 188.504 9944.5
198.565 93.2871 9963.45
0.125126 124.439 9980.57
100.999 66.0807 10119.2
15.0893 168.104 10007.3
149.851 156.522 9957.7
34.2007 192.449 10038.9
58.1947 139.758 10015.8
50.302 127.791 9994.78
58.7623 33.478 9992.53
84.1685 143.383 10065.9
44.2851 117.012 10037.6
158.617 123.192 10037
81.8664 173.814 9972.25
102.34 49.2554 9940.77
175.178 97.3478 9967.07
118.257 157.423 10016
99.9017 93.3403 9959.4
133.33 97.0614 10136.5
112.162 150.72 9929.11
161.811 71.9441 9998.51
29.793 79.0058 9985.3
135.504 160.507 9982.42
187.684 180.891 9922.12
154.417 33.0302 10095.9
54.3931 21.5787 10025.7
73.023 63.9309 9963.79
85.3454 93.3925 10039.2
160.73 41.965 9915.9
165.26 88.9902 10019.2
104.847 27.6821 10086.3
62.5551 190.746 9958.45
172.806 144.174 9958.86
49.3436 70.5842 9952.31
198.894 57.6957 9986.93
193.437 3.16845 10058.3
76.6544 27.6507 9988.63
67.8677 159.408 10083.9
190.92 85.6816 10064.7
2.67057 66.9906 10054
141.529 139.43 9957.91
196.705 193.2 9964.1
74.9079 19.0418 9987.78
12.0734 159.546 10033.3
7.30981 136.935 9934.75
175.895 19.2225 9942.92
183.811 19.4269 9929.11
124.917 17.6867 9975.41
94.4787 194.413 10055.4
167.571 96.8287 9994.6
51.4497 27.9034 9967.45
90.8271 184.763 10113.3
127.514 107.031 9960.91
79.9621 89.428 9965.05
0.480861 7.85572 9964.87
163.959 57.9617 10018.8
113.586 56.5487 9972.87
181.52 111.046 9943.21
8.01208 195.685 10025.8
136.14 164.928 9958.58
198.006 124.066 9927.18
120.109 164.705 10041.1
25.3608 54.5523 10031
28.7385 167.278 9986.76
40.1683 182.776 10010.2
34.7156 59.7771 10021.8
177.201 126.532 9956.08
19.9138 40.9609 9970.86
167.428 115.026 9955.68
178.907 84.9908 10035.3
35.5323 9.82485 10051.6
72.6945 130.904 10030.4
33.7883 159.833 10024.5
78.2732 46.3411 9979.37
11.8894 90.4488 10090.2
169.672 110.044 10038.9
86.6105 161.919 9920.84
78.3767 114.3 9958.48
66.2672 102.325 9974.87
27.0089 135.096 10084.9
167.788 165.112 10020.9
4.93144 137.234 10029.4
77.3811 73.1377 9948.01
176.112 53.2407 9980.91
74.504 14.204 10011.1
196.006 141.847 9918.95
199.346 190.592 10030.2
43.696 133.448 9999.66
13.9804 161.852 10042.2
139.374 9.23737 10059.3
89.5335 120.544 9962.39
45.2424 92.9798 10037.8
160.512 164.828 10015.3
90.6753 149.581 9900.33
192.011 145.267 10004.3
141.544 186.919 10002.2
122.121 165.033 9968.25
197.351 119.569 10030.1
10.9256 117.228 10003.3
180.425 179.186 9989.94
42.2593 143.769 10073.7
58.3874 138.629 10007.6
54.0832 100.302 10013.8
45.6669 189.062 9951.76
34.335 13.816 10018
80.8643 189.091 10039.3
135.502 136.275 9959.12
107.267 135.078 9973.97
86.3584 144.166 10020.5
32.4077 36.4755 10019.7
175.983 32.6469 9889.01
61.7019 158.35 9962.7
97.255 93.6477 9957.47
20.9248 116.57 9974.93
60.7764 58.9077 10011.6
177.226 172.341 10005.7
103.82 84.237 10033.6
62.0787 122.789 9917.26
188.225 9.70755 9987.24
93.0879 114.573 9984.98
101.458 92.207 9990.6
171.064 145.841 10010.6
86.2821 120.046 9971.68
172.171 46.9548 9923.76
32.5556 88.1024 10021.5
23.6623 142.796 9999.47
89.7527 176.467 10075.5
44.4652 67.1928 10085.2
194.364 144.372 9960.61
21.0476 61.5021 9998.5
55.3799 35.0007 9978.68
108.343 17.8255 9997.75
138.189 87.7436 10031.7
65.3179 182.882 9977.33
35.5225 44.3707 9957.44
21.7252 111.938 9993.3
32.5999 70.3122 9945.25
186.85 35.6972 10064.7
160.428 164.294 10009.3
193.008 28.2851 9968.32
108.638 92.3814 10016.8
82.1768 129.663 9946.31
24.0751 74.7986 10053.3
108.123 45.8792 9901.72
99.8725 36.9428 10004.1
9.51873 25.2261 9961.59
118.249 79.9085 9931.35
168.867 7.90284 10001.9
65.7829 174.403 9906.76
0 30.8778 10076.6
10.2188 0 9984.78
200 171.994 10001.1
22.3657 200 9990.42
0 143.595 10071
190.847 0 9985.67
200 59.0872 10028.4
64.3805 200 9983.07
0 101.292 9988.23
7.05931 0 9995.77
200 41.4923 10001.2
143.539 200 10039
0 125.429 9993.12
144.433 0 10004.5
200 60.0706 10058.8
58.3049 200 10002.6
0 20.0846 9958.49
140.226 0 9961.82
200 14.186 10048.2
115.957 200 9991.4
