20 30 20 2000
15.1153 60.0528 10010.4
77.1584 166.549 10019
28.8442 80.0773 10080.9
109.085 174.598 9954.58
171.511 167.585 9929.31
185.805 93.6905 9919.18
164.194 135.468 10014.9
74.3532 82.8514 9971.94
164.562 92.706 9961.7
9.1579 13.1765 9980.67
190.674 93.158 9908.32
126.977 178.33 9999.21
33.5935 81.8187 10021.3
17.3672 164.799 10012
28.8855 128.732 10026.6
4.25578 157.846 10002.7
166.947 131.082 9966.76
192.048 117.06 9983.88
94.9925 15.845 10058.6
35.2591 117.305 10000.5
0 127.837 10017.7
90.1348 0 9964.85
200 13.2013 10016.3
60.6249 200 9982.15
0 106.677 10003.2
107.663 0 9930.95
200 101.497 9891.18
8.41285 200 10000.5
0 125.214 9959.96
135.612 0 9920.9
200 43.7473 10071.8
69.7601 200 10082
0 99.3537 10024.3
182.35 0 10038
200 24.5932 9841.54
78.9547 200 9929.6
0 82.6595 10021.8
173.866 0 10054.2
200 11.3933 9999.3
56.9339 200 9944.78
