33.426 172.664 0.556 -0.078 1034.802
94.129 193.660 0.553 -0.069 997.580
156.658 136.505 0.551 -0.064 986.467
141.281 78.042 0.553 -0.065 1005.257
26.536 43.627 0.511 -0.057 1036.164
130.924 106.418 0.511 -0.057 1027.557
53.741 66.745 0.511 -0.057 989.036
130.976 154.268 0.511 -0.058 913.372
100.905 129.763 0.510 -0.063 1045.290
82.324 14.273 0.511 -0.054 994.642
77.788 82.454 0.516 -0.052 950.833
4.493 3.706 0.488 -0.023 895.083
110.076 168.794 0.487 -0.025 1002.734
174.224 126.115 0.487 -0.025 1030.152
68.277 119.307 0.486 -0.022 1006.680
161.155 166.207 0.487 -0.022 940.932
35.922 60.740 0.491 -0.025 1014.205
17.576 40.469 0.494 -0.026 1015.014
57.845 8.238 0.493 -0.026 883.750
199.213 197.914 0.547 -0.065 932.255
153.596 40.891 0.550 -0.068 1018.184
153.297 111.180 0.562 -0.082 975.621
111.014 162.743 0.550 -0.070 998.570
173.147 21.604 0.508 -0.055 1053.167
198.027 185.070 0.533 -0.076 981.068
131.337 64.812 0.529 -0.076 963.194
36.192 40.208 0.531 -0.089 1003.219
46.702 106.568 0.532 -0.087 976.732
104.934 105.919 0.540 -0.087 969.468
107.582 178.117 0.561 -0.079 975.213
19.944 118.879 0.544 -0.087 960.935
57.530 93.701 0.497 -0.039 1036.321
46.899 88.056 0.494 -0.033 995.166
83.348 131.064 0.494 -0.032 1036.908
197.739 112.587 0.513 -0.039 1034.331
102.345 103.639 0.508 -0.039 1012.881
181.480 40.745 0.510 -0.041 960.899
197.150 132.755 0.527 -0.046 1117.511
32.813 71.922 0.523 -0.040 964.147
149.154 154.307 0.527 -0.043 1011.748
13.714 128.210 0.529 -0.046 992.672
193.892 70.732 0.526 -0.047 1008.329
178.836 150.685 0.526 -0.044 991.493
79.695 42.902 0.524 -0.044 1037.157
28.729 64.496 0.529 -0.046 1052.786
145.787 32.524 0.528 -0.046 1036.342
96.775 95.178 0.533 -0.048 950.827
166.777 175.363 0.534 -0.049 935.497
151.223 122.270 0.538 -0.050 968.040
36.269 4.314 0.536 -0.051 1047.512
139.244 119.948 0.540 -0.049 1015.723
19.512 4.328 0.543 -0.050 1017.887
139.882 156.440 0.543 -0.052 980.797
127.329 171.985 0.549 -0.049 1058.145
97.667 3.043 0.550 -0.051 973.330
78.986 55.939 0.552 -0.053 1003.704
101.663 59.363 0.548 -0.051 1069.225
44.360 138.788 0.552 -0.049 905.627
135.479 33.970 0.557 -0.046 901.049
87.800 198.085 0.564 -0.042 1059.092
68.754 133.329 0.565 -0.039 1050.547
83.198 116.244 0.564 -0.037 1019.497
139.997 186.122 0.564 -0.035 998.415
120.408 105.308 0.516 -0.032 993.633
8.304 140.177 0.529 -0.029 995.611
158.229 23.186 0.532 -0.030 984.385
140.386 32.846 0.529 -0.025 1013.101
52.892 165.217 0.532 -0.027 1040.940
85.289 118.364 0.535 -0.028 1062.628
183.079 86.432 0.537 -0.029 980.383
161.103 12.066 0.541 -0.031 1010.589
194.092 139.223 0.535 -0.018 933.774
122.247 37.933 0.534 -0.021 1035.098
69.707 6.821 0.540 -0.025 1070.236
191.537 2.856 0.539 -0.029 1021.716
36.102 52.139 0.541 -0.035 947.058
32.082 73.540 0.541 -0.037 1017.288
42.672 182.844 0.542 -0.034 1003.370
23.747 158.575 0.541 -0.043 975.989
186.346 106.797 0.542 -0.043 942.468
146.466 180.806 0.550 -0.044 957.624
197.392 98.837 0.568 -0.048 979.798
79.676 1.360 0.570 -0.051 1058.037
147.272 135.215 0.574 -0.053 1003.011
167.659 195.515 0.575 -0.055 927.060
104.236 8.500 0.575 -0.055 1006.043
34.366 195.016 0.575 -0.053 1066.091
75.666 30.982 0.584 -0.058 1037.560
59.240 194.970 0.580 -0.058 901.029
96.593 136.205 0.586 -0.060 1019.703
83.620 120.612 0.539 -0.029 1073.158
196.028 86.493 0.522 -0.032 1029.399
191.388 34.986 0.518 -0.035 1021.813
188.683 10.010 0.561 -0.080 962.188
182.530 128.925 0.520 -0.037 1019.192
54.856 189.675 0.567 -0.083 981.633
147.493 84.572 0.569 -0.083 985.221
194.327 130.269 0.563 -0.080 985.441
74.285 137.926 0.569 -0.078 1033.058
193.134 38.042 0.562 -0.079 1024.515
