1000 200 1000  1999
188.808 168.323 988.163
90.220 62.666 1005.252
21.930 174.137 1077.114
171.730 188.511 927.020
66.125 36.801 1053.430
176.313 28.044 1071.834
12.912 62.401 1013.812
77.280 197.160 906.089
107.755 169.579 964.986
108.253 149.370 993.102
91.879 75.011 1044.514
144.213 85.441 991.590
23.577 127.778 932.556
91.458 19.717 1025.581
51.171 67.468 977.601
73.364 95.416 943.145
147.593 14.891 1061.901
116.845 47.437 992.976
58.056 144.819 1006.856
152.307 93.063 1036.030
2.216 12.590 988.060
172.449 30.995 1025.723
24.924 46.493 923.264
62.928 181.809 1011.500
171.246 68.584 923.419
89.065 180.009 957.349
43.152 82.219 962.072
16.725 31.852 946.313
29.608 83.425 1014.701
171.762 81.159 992.614
61.081 5.543 1011.818
142.218 175.078 1058.123
68.618 70.980 934.981
153.123 113.805 1037.913
72.883 33.143 903.895
79.475 83.238 972.825
70.231 29.468 1042.185
120.166 160.851 955.387
2.280 98.637 1007.946
188.529 5.942 987.156
88.681 0.668 912.119
102.820 176.010 1071.940
51.531 28.516 1022.174
189.308 5.923 973.663
124.227 97.672 1041.872
116.771 60.926 1014.249
16.029 34.624 1031.935
25.577 45.277 1039.148
167.011 47.397 1040.767
77.968 55.167 1047.425
42.746 118.233 1017.317
113.598 130.025 966.417
52.947 16.465 950.218
89.631 118.128 952.518
159.521 97.624 897.400
81.582 9.928 1054.841
134.754 127.477 973.548
177.237 62.959 986.449
155.518 40.652 983.476
168.052 133.695 980.912
132.525 194.326 1082.318
139.813 122.323 1001.165
135.408 87.673 856.687
19.176 186.075 1003.139
59.511 89.493 999.534
196.955 100.461 976.168
77.513 149.440 993.697
94.551 106.117 945.904
194.843 3.747 964.909
136.321 162.751 1052.421
35.699 199.454 985.716
127.383 147.940 1040.892
20.593 73.035 962.343
186.112 94.794 1040.159
50.122 68.281 990.886
154.508 76.931 1038.878
28.313 115.382 1041.151
21.064 12.078 1071.651
91.800 150.796 1066.671
22.593 118.244 1050.252
112.005 29.861 947.718
65.006 73.028 1068.501
94.046 174.219 1023.132
76.647 156.630 1051.952
160.927 117.459 1106.378
114.740 1.248 1007.367
52.898 151.144 1028.303
109.592 161.034 1017.266
137.942 128.102 955.756
111.183 70.149 1040.607
84.373 83.466 992.200
181.974 90.867 995.692
142.595 92.533 1082.483
161.360 168.515 937.213
107.828 178.957 973.111
17.426 162.110 1058.760
179.267 43.217 951.870
196.522 105.498 932.494
99.882 90.391 1025.019
165.632 104.002 925.058
151.718 170.479 1020.497
81.415 179.507 947.519
199.625 8.048 1095.984
176.628 196.002 1030.795
157.534 179.072 935.816
155.106 79.521 971.105
56.052 18.253 1099.902
185.086 114.262 964.459
16.118 92.312 1057.585
30.786 135.482 1059.925
29.241 64.633 1038.537
52.582 118.727 993.775
37.024 9.436 1036.807
16.791 50.771 923.287
21.405 122.004 1033.569
58.900 42.436 981.104
37.935 3.457 995.383
114.007 70.997 1038.432
116.895 106.697 959.513
75.512 187.189 978.382
134.617 181.890 964.032
73.976 126.270 1038.301
161.681 96.932 1026.624
152.292 144.277 971.429
37.930 3.966 1014.397
187.581 44.958 1014.106
83.228 106.935 1071.672
181.417 23.825 979.675
27.417 195.773 980.030
137.476 181.526 1017.057
23.995 133.046 1030.768
35.185 142.199 931.426
56.125 190.168 992.387
118.318 93.644 941.122
113.339 160.784 1029.781
143.291 87.577 1031.335
152.309 189.680 1038.740
150.817 49.014 970.705
112.750 189.345 1017.579
83.714 156.543 994.565
152.702 7.428 958.808
161.164 15.407 1092.012
46.968 24.909 988.809
54.101 197.175 969.703
55.840 130.002 1014.359
109.283 0.556 1023.900
92.529 120.847 1059.401
56.084 193.327 1088.298
4.054 180.409 1066.889
69.055 125.361 1103.899
159.817 136.482 1032.619
49.809 130.874 1049.449
191.934 182.558 992.597
10.828 184.459 915.249
105.707 162.623 1019.631
173.943 65.325 945.713
23.052 82.069 1009.057
59.654 11.692 925.474
71.680 182.913 884.558
170.062 42.755 1022.192
169.917 140.079 986.567
172.399 124.956 986.631
139.276 19.517 1105.188
101.296 61.966 965.724
37.869 171.931 1049.595
118.449 144.832 1062.707
34.449 22.093 951.744
122.655 71.215 1008.876
85.286 182.168 942.591
29.917 45.398 1017.612
191.366 41.127 1078.575
28.011 5.624 1050.368
72.479 153.030 1157.067
3.865 114.780 1009.290
137.872 71.530 1049.743
34.584 31.392 907.484
150.384 58.850 977.495
126.339 84.538 1004.430
142.726 61.458 1029.466
174.916 25.351 1067.054
101.923 62.388 987.695
96.831 188.838 1124.839
120.586 88.712 1036.051
101.687 54.093 972.216
17.796 39.389 964.442
111.728 163.239 1033.044
63.037 192.965 959.778
11.789 100.688 913.299
180.083 143.678 1036.048
59.830 73.714 996.152
23.417 41.632 933.011
88.213 92.897 1029.805
43.500 149.902 977.050
159.621 128.994 1066.244
191.913 97.613 1024.789
59.382 36.034 976.924
15.576 96.872 976.156
77.243 27.036 953.384
194.920 58.166 988.728
58.690 131.608 980.637
62.570 164.688 1026.073
198.376 31.650 1007.439
190.076 141.588 1006.754
127.075 170.209 1017.541
115.865 29.453 952.773
92.495 168.863 997.502
172.708 48.841 1046.050
184.515 156.006 1142.565
173.188 87.809 965.685
175.867 37.038 951.308
43.094 160.384 1005.305
148.030 87.352 986.766
162.654 81.027 977.348
77.655 47.665 949.336
57.379 127.010 927.612
3.006 184.413 1035.894
24.985 182.644 979.197
37.712 84.467 935.456
30.861 96.099 1062.618
7.206 32.764 928.895
11.072 160.877 996.454
106.792 76.420 980.681
62.945 141.838 981.753
43.606 12.520 1019.333
126.729 160.986 1007.090
25.107 175.787 1024.005
89.385 93.560 1027.777
88.106 163.637 971.345
124.526 26.616 1006.583
148.649 10.085 985.787
163.414 51.014 924.276
52.824 184.070 1037.596
148.979 94.514 997.201
3.108 92.344 950.753
54.614 49.888 873.642
99.253 9.262 969.914
62.123 188.646 1055.082
80.687 175.348 1051.669
161.241 59.672 941.801
150.586 36.844 933.271
113.879 65.406 968.044
129.482 153.540 1010.441
190.156 112.082 1016.402
181.528 89.406 1021.848
132.634 18.158 1055.638
141.045 59.781 1091.806
172.081 137.670 1010.652
3.834 8.219 1009.931
164.831 101.488 1007.886
129.058 99.713 977.029
20.336 59.607 936.549
17.681 49.160 980.993
65.527 9.305 1018.177
56.629 74.437 969.409
158.954 43.312 995.908
175.091 62.678 972.534
108.294 118.132 963.323
171.398 138.689 1012.540
102.064 124.902 1072.067
101.201 101.195 1045.177
56.014 82.156 976.086
131.686 72.014 884.478
55.028 75.717 1021.352
127.333 106.261 953.478
3.255 54.955 989.826
172.350 70.853 1043.263
139.802 69.062 1039.823
40.961 121.757 1019.584
104.295 48.157 1093.824
129.038 180.723 980.442
154.213 13.599 926.662
107.151 163.444 992.608
171.807 80.843 1045.102
20.392 141.813 1071.474
146.478 156.264 1063.411
124.498 22.991 979.234
161.690 94.255 969.283
73.743 182.780 1025.955
136.495 7.935 913.904
33.193 10.705 971.567
120.332 94.230 1005.190
55.572 20.846 970.444
71.596 67.027 1041.783
39.920 11.722 1008.889
27.045 74.056 952.903
46.016 51.735 947.385
115.846 93.052 989.312
52.444 199.746 1000.051
127.184 125.266 900.668
135.245 195.970 938.996
196.148 116.180 950.786
91.588 99.589 978.102
2.186 150.505 933.002
141.504 52.336 1060.352
40.335 157.147 931.170
197.374 85.815 974.978
161.318 167.989 994.492
145.026 92.943 1016.976
94.261 42.664 989.147
6.033 26.382 1100.515
170.916 1.009 972.023
21.831 142.756 923.068
10.605 147.176 995.611
37.986 113.242 1070.448
148.529 169.653 966.274
171.488 83.734 1055.650
50.959 155.657 987.118
187.329 29.976 1024.060
184.219 69.013 1009.887
167.433 166.581 1129.654
94.660 130.406 932.167
87.862 107.776 909.043
190.478 141.376 932.606
44.523 86.575 954.702
182.113 36.393 1079.441
35.548 28.042 970.637
15.082 155.636 974.292
176.224 77.175 1000.987
175.295 180.721 945.449
22.837 72.840 950.094
188.879 46.781 990.417
185.619 112.405 996.666
2.500 134.528 1057.135
114.081 8.228 934.793
162.992 186.359 1001.117
195.311 153.948 981.850
5.964 59.275 1024.061
105.694 109.491 1019.767
175.415 9.065 947.956
53.257 96.006 1038.734
178.380 50.042 1023.678
87.664 4.190 1003.419
132.677 183.669 967.858
75.144 7.954 1066.320
18.245 147.645 1033.627
109.249 157.412 1106.414
19.538 14.516 969.607
28.857 110.104 965.321
162.676 178.134 958.607
63.880 89.755 1132.824
141.446 60.337 1036.471
137.629 165.608 1018.759
27.400 23.163 1026.113
73.452 16.886 1003.414
138.563 98.990 975.244
176.636 186.323 989.153
79.352 134.170 1028.783
54.664 160.449 965.649
157.041 168.091 962.170
47.431 184.133 973.769
46.806 148.621 902.580
162.626 47.103 995.635
181.387 23.251 1064.566
84.264 38.087 1020.871
129.543 75.064 1050.206
138.918 57.401 1019.528
78.773 36.581 1087.403
21.278 79.665 993.898
149.561 160.787 984.302
13.414 128.868 1020.395
108.002 86.991 1049.917
164.226 106.902 1057.291
126.967 177.152 1012.035
141.425 134.483 1057.717
39.933 73.056 1053.226
18.555 140.406 1035.012
129.482 169.350 1034.605
3.294 155.755 989.299
9.433 151.931 917.714
194.094 120.386 968.060
124.670 46.064 972.203
131.523 133.977 981.208
52.892 184.685 984.312
14.400 105.941 1044.124
141.268 137.003 1025.881
166.052 60.360 1042.513
91.360 31.391 967.648
90.770 36.227 1026.573
191.468 98.087 1044.781
38.750 0.994 923.594
106.721 176.235 1003.910
96.855 54.297 1015.169
192.533 48.243 1144.570
183.443 17.219 1060.151
104.345 196.700 1030.082
70.073 157.663 923.395
133.674 39.929 987.203
52.083 194.409 1030.299
121.290 42.108 1067.141
46.950 182.190 992.853
159.793 45.617 1041.019
33.271 26.011 1054.384
112.550 139.023 1000.292
24.485 14.582 995.118
102.983 47.143 1049.594
20.588 175.641 899.196
99.040 68.546 946.617
170.289 10.765 953.665
32.234 64.508 1048.031
97.620 194.689 917.971
134.461 191.768 1062.476
79.605 89.531 970.620
88.735 140.962 1027.808
165.632 137.817 1069.505
185.664 76.115 966.481
43.752 80.468 1019.347
88.250 5.438 959.505
91.346 197.590 1053.505
27.678 87.239 901.633
154.773 147.685 1003.732
61.883 21.189 993.006
125.020 79.402 962.525
180.235 147.960 972.854
45.874 56.656 982.585
121.060 119.197 1038.736
94.163 134.225 1042.002
91.613 47.919 967.622
111.665 157.229 946.224
50.385 52.760 1029.657
118.124 16.419 989.142
173.304 83.042 969.518
113.390 196.615 1054.546
88.470 74.944 1076.121
67.681 39.083 1107.640
51.017 22.024 988.655
62.646 178.846 966.967
3.632 19.939 991.898
62.979 163.567 957.677
14.150 57.207 1035.957
188.322 57.654 1016.635
3.065 0.756 951.880
73.986 104.236 973.885
183.010 152.305 995.632
50.903 123.876 1031.716
100.495 74.361 957.427
165.966 108.392 1006.265
172.880 164.776 982.335
51.266 34.320 989.762
122.895 160.794 1044.879
13.129 79.076 1038.423
57.978 196.374 988.687
163.720 46.462 1056.292
150.748 93.243 991.990
137.754 147.810 1018.503
196.994 194.666 1119.443
187.725 128.351 1052.499
100.156 4.902 934.359
116.687 75.395 917.999
15.397 81.064 1021.730
155.601 165.484 999.176
42.859 103.066 1012.194
21.499 131.360 1059.198
125.331 190.963 1043.717
57.887 168.133 1032.821
16.114 58.920 964.102
20.270 70.443 1034.294
131.976 116.429 984.772
10.820 172.215 952.649
185.483 44.452 1064.606
56.356 106.510 1041.741
171.100 50.992 1009.173
80.373 76.190 959.508
72.504 109.312 960.864
167.858 126.221 937.341
178.548 46.579 1041.237
51.289 31.047 1018.257
20.603 186.663 981.469
196.646 14.727 1017.696
58.905 90.788 980.660
116.287 10.012 940.423
21.861 99.542 1011.781
175.769 168.883 970.442
56.695 11.930 970.364
86.008 93.047 1049.563
164.435 128.877 1024.478
148.736 37.566 938.756
194.210 181.329 950.674
188.978 173.621 1060.933
184.154 134.197 917.643
109.884 197.155 1038.650
199.762 17.611 1082.913
9.784 27.718 975.116
96.460 118.442 959.953
91.521 191.299 920.127
188.755 186.169 1069.325
15.162 30.002 986.250
128.296 21.072 1007.518
196.458 199.824 1017.954
189.024 166.730 968.857
69.926 151.826 1067.160
146.400 176.305 1064.297
117.997 9.990 1086.704
16.990 43.703 1076.012
120.369 150.502 1000.764
119.945 111.865 992.056
138.122 140.077 1014.670
42.926 99.176 989.938
153.349 13.540 958.284
132.212 3.096 863.001
49.880 150.435 1033.093
50.612 123.817 1016.261
187.381 115.733 1058.435
43.585 160.546 968.717
15.832 105.545 995.594
2.865 183.311 1000.726
29.297 33.157 1023.920
5.678 80.084 1019.547
112.945 82.161 923.314
149.365 104.343 908.679
49.819 60.737 1032.248
99.024 140.412 1013.544
184.708 190.256 977.280
177.543 14.487 1007.701
176.670 20.984 983.516
79.678 165.613 1063.449
15.080 52.618 976.678
111.278 94.584 986.196
133.834 143.830 953.257
117.424 199.137 951.309
15.687 12.535 904.649
112.951 60.731 961.558
87.475 174.485 983.664
117.002 11.846 969.204
12.896 22.961 1049.233
86.674 86.304 1023.901
123.788 46.936 1076.059
171.568 147.846 1007.023
126.415 95.419 1034.102
28.464 82.765 994.281
66.408 164.563 973.160
105.557 47.631 1157.885
110.756 87.560 1044.102
71.077 92.457 1121.819
179.063 125.820 1069.657
41.517 74.853 1058.834
139.498 199.441 1042.897
138.055 169.405 980.264
43.392 159.567 1032.053
157.493 106.124 983.016
172.038 197.354 1002.364
139.485 178.766 901.167
155.306 172.135 1054.281
139.996 107.197 917.899
112.197 159.062 947.470
19.927 71.226 1009.848
10.131 3.947 1016.556
55.152 96.707 977.676
48.970 31.917 1000.148
46.349 62.806 1074.498
22.533 104.759 999.304
76.596 192.602 980.959
103.459 181.278 989.870
7.102 186.294 1064.131
192.493 103.067 1032.374
130.365 121.275 1038.142
7.009 148.348 990.667
111.294 197.724 892.206
82.112 195.917 1106.085
14.621 93.009 980.276
13.027 159.222 975.685
98.835 159.230 920.057
62.115 148.105 1003.111
78.151 147.868 960.115
72.004 14.680 1034.239
47.252 174.099 958.863
6.853 96.040 989.916
79.970 114.397 930.766
173.078 82.307 926.384
181.764 3.357 987.468
102.939 97.253 997.352
171.024 5.914 948.828
0.418 165.516 1001.546
15.894 168.886 1066.785
198.097 21.452 986.627
138.619 121.174 988.159
188.129 65.284 1016.254
121.744 80.731 1031.412
39.168 157.438 998.220
9.104 3.726 860.618
174.320 95.442 1071.299
77.074 66.097 1006.357
39.776 17.605 965.658
149.829 19.838 1043.315
52.065 27.972 1022.246
63.421 197.738 1042.578
15.854 74.925 1014.432
90.445 97.672 1003.105
35.103 196.641 986.863
24.482 137.916 1064.181
150.265 59.348 983.288
139.831 175.270 1066.889
175.888 40.877 902.197
74.233 186.131 882.666
164.041 178.081 1076.367
198.043 42.545 950.476
184.716 132.686 991.077
123.759 147.990 977.981
49.508 150.840 1015.857
81.645 68.597 1008.271
126.286 115.003 981.172
130.716 85.237 1054.643
180.102 10.615 1021.628
13.926 162.761 999.527
32.461 32.525 966.137
21.056 22.876 965.474
11.438 69.002 1041.318
183.841 67.823 939.028
134.639 73.504 1028.435
142.814 92.675 1066.999
2.600 85.724 966.193
12.038 76.460 956.305
166.228 125.165 1001.013
177.454 85.965 1028.057
44.044 42.809 981.249
66.317 3.433 985.398
192.552 59.425 1022.007
113.094 80.886 1032.952
165.207 198.022 991.501
63.387 187.583 1039.849
166.440 3.686 1003.484
21.401 159.407 928.404
26.081 2.005 953.447
40.751 114.946 981.954
184.960 167.445 975.330
145.463 83.973 1065.593
92.784 18.739 979.772
142.742 2.968 1158.840
47.298 190.000 935.668
71.247 194.858 966.810
183.201 114.075 955.881
142.120 27.756 991.464
93.614 8.855 1052.453
24.538 125.521 1020.214
24.199 130.198 1030.606
14.322 20.365 910.782
152.288 40.684 958.962
192.166 181.521 983.835
175.429 157.443 1053.510
107.299 38.043 1004.213
33.309 141.950 943.950
176.931 105.324 973.906
52.348 124.754 1029.597
133.941 107.531 977.747
10.140 116.135 789.729
93.867 106.909 1009.073
135.304 37.719 1000.000
77.885 1.294 1007.351
103.487 131.825 1040.655
8.463 188.303 990.062
2.987 3.143 960.671
127.348 63.173 988.064
193.208 7.861 991.806
189.170 94.312 1009.860
192.986 174.171 1027.918
77.128 81.629 1019.695
82.475 125.855 979.835
96.700 65.859 1019.380
177.401 163.940 1018.517
18.101 51.008 967.289
190.659 165.744 946.826
80.576 150.113 1029.354
43.603 193.293 1000.556
74.455 89.736 1023.718
198.545 180.490 1036.128
91.555 43.133 984.811
40.590 169.904 1034.769
160.239 193.280 1061.430
183.661 6.575 1055.638
128.866 139.263 998.872
193.221 17.793 974.685
184.650 26.674 929.676
20.768 98.051 998.115
141.127 188.791 933.121
92.096 45.911 892.242
168.121 103.893 1048.551
53.026 90.043 1000.459
89.620 83.041 1015.427
27.581 45.974 1028.699
43.926 183.973 1049.624
97.756 190.733 993.329
115.031 125.783 908.751
13.456 164.066 906.606
131.373 120.605 887.107
131.275 191.038 990.352
140.859 25.567 1094.118
99.000 90.143 1090.071
183.359 182.514 984.000
164.437 50.706 1024.956
169.121 173.813 923.576
184.612 146.089 1022.016
38.949 8.585 967.050
190.239 195.591 990.206
19.565 81.817 1025.804
165.291 20.814 968.617
48.511 119.768 965.661
127.301 101.713 1055.523
66.319 196.946 967.248
40.123 173.120 1060.140
85.779 195.382 1014.662
30.073 189.730 1016.075
109.085 158.745 976.046
199.938 19.309 1124.000
161.233 134.591 1020.661
109.370 115.575 986.726
140.774 144.747 1006.343
119.637 113.175 1127.137
25.442 104.126 965.908
36.125 177.363 1045.272
65.063 180.973 1083.900
140.481 194.304 1033.810
70.929 23.531 1005.751
194.892 75.844 1029.974
31.624 74.629 1008.016
156.835 107.679 932.052
100.271 112.459 1007.047
136.014 145.281 977.095
32.683 139.326 891.850
70.936 176.008 1026.853
179.651 5.109 986.880
138.234 155.571 894.566
79.031 170.618 975.282
116.175 46.231 1097.402
14.111 113.265 950.817
45.461 135.808 1009.294
13.523 27.725 1005.314
125.039 57.294 1044.268
8.972 27.092 1046.786
178.774 196.676 1007.212
188.060 26.104 969.335
162.623 14.787 923.448
105.304 5.039 1000.336
44.998 27.640 1052.094
88.067 133.896 1005.696
115.597 75.264 938.103
92.311 55.453 999.700
133.552 80.501 1099.709
191.522 97.803 1018.966
176.740 34.782 1019.195
12.099 173.166 1000.396
98.856 194.857 1091.743
130.891 141.984 998.646
84.859 176.060 957.250
43.479 172.371 998.907
8.952 34.185 954.964
132.608 12.782 1018.799
195.563 86.247 1020.008
164.977 156.924 993.547
183.932 32.501 944.830
98.746 24.835 1039.244
30.282 97.828 937.589
18.860 140.901 1051.516
122.145 51.194 974.340
104.642 125.868 1034.193
0.265 86.983 908.831
187.366 167.823 1004.854
179.554 119.175 935.794
169.298 99.392 1022.432
70.438 94.465 1016.724
48.357 68.874 956.588
98.209 112.506 1032.768
15.259 28.594 938.010
163.793 83.198 939.660
25.181 19.680 963.048
99.121 108.667 1074.607
169.186 187.457 1033.726
71.771 128.403 969.525
37.489 129.330 1042.153
115.683 163.605 927.068
40.318 22.955 1036.234
193.951 108.184 1015.875
114.682 185.751 994.912
110.321 175.466 1091.461
171.805 0.248 1018.870
169.906 2.715 978.491
76.340 189.898 1044.130
58.698 127.173 933.800
151.446 19.633 880.749
18.774 118.138 994.331
151.352 121.970 897.468
194.189 173.005 1007.575
41.955 99.517 1105.284
85.470 72.673 1055.078
133.603 28.200 981.792
6.215 116.937 1054.995
159.138 157.135 1026.095
21.329 58.576 1013.663
70.160 98.883 963.404
18.122 72.920 995.360
18.832 140.405 976.506
134.681 39.471 1061.102
139.326 30.153 988.924
153.648 166.453 955.706
158.407 37.426 1051.650
24.455 183.152 940.630
46.352 172.242 1005.040
28.699 73.842 1094.828
15.000 170.782 960.152
186.430 168.998 1016.674
105.269 115.930 1002.079
8.078 97.137 897.212
117.244 122.529 997.470
173.572 19.608 1045.645
94.719 182.754 978.780
189.837 108.923 1029.814
43.537 164.996 1042.660
175.812 35.832 1039.991
90.096 109.155 1066.877
144.760 158.643 913.976
159.260 26.347 994.859
114.333 163.913 915.570
116.085 66.645 981.789
155.353 11.316 975.843
111.476 78.519 922.994
159.939 58.760 1028.562
128.446 143.359 1032.118
66.875 179.028 1031.131
142.090 171.158 980.723
21.810 79.245 1124.771
131.342 173.209 1009.010
161.705 176.874 981.210
46.972 51.939 1011.185
102.996 84.916 943.487
154.445 68.450 1002.852
121.745 158.609 1017.895
157.970 76.113 971.848
162.050 164.462 1000.657
69.125 45.503 998.069
58.169 123.778 1041.780
36.093 59.070 1030.979
5.157 179.218 963.829
17.204 154.940 1082.792
80.332 55.438 996.035
199.297 4.262 982.138
120.779 76.734 1019.763
26.048 9.005 947.342
8.480 73.045 1025.708
45.310 77.785 991.453
53.319 147.148 1024.254
7.068 127.892 967.647
186.905 69.673 1014.907
84.141 75.707 977.171
130.066 157.171 1013.229
21.756 88.807 953.786
93.943 98.115 1021.696
160.026 74.010 1044.138
190.625 186.376 1007.219
128.748 164.148 1013.674
62.182 24.219 1077.984
4.276 96.744 987.319
0.289 192.813 1025.810
105.301 131.151 985.627
174.166 146.688 977.119
78.358 62.447 1043.506
130.944 189.641 982.755
124.477 62.527 1038.645
93.329 122.095 1075.731
197.703 120.807 963.324
11.363 96.053 1036.098
17.968 17.704 856.140
182.225 160.027 1036.916
196.358 97.590 1022.348
163.247 84.501 958.528
177.389 144.431 975.888
143.111 60.207 1023.956
176.191 46.888 914.296
162.152 30.594 936.925
44.763 94.697 1028.234
120.406 165.145 1027.161
33.178 182.509 1008.700
83.178 88.366 984.614
134.493 189.190 1047.328
42.836 43.227 918.971
165.290 44.901 913.078
164.840 70.114 915.863
85.766 91.968 1019.682
148.687 14.399 982.979
12.403 58.646 1017.699
174.277 175.846 1002.918
166.238 53.951 979.971
159.924 110.850 1012.950
118.988 87.793 1103.184
152.219 21.249 975.979
109.385 149.608 961.623
196.056 137.168 1028.055
35.595 104.367 1081.995
98.403 88.599 1100.786
167.716 125.337 1014.244
159.119 8.528 1019.459
197.424 83.739 1015.472
27.892 14.980 1016.950
68.859 186.860 995.207
154.864 178.004 1035.429
53.070 183.532 1039.058
69.395 7.214 978.090
111.462 117.497 967.722
199.807 41.413 1055.326
58.651 158.274 1059.573
37.555 145.778 1011.036
157.199 180.818 957.206
82.631 104.616 970.670
89.487 4.980 867.185
113.024 138.089 1002.451
113.882 34.171 1109.279
134.222 20.302 944.612
158.781 8.952 1017.198
160.722 49.454 994.987
43.629 182.520 1033.038
78.039 68.253 1023.458
183.908 87.388 970.612
86.889 12.257 982.091
130.607 191.204 974.439
159.420 146.333 947.313
82.748 49.825 1060.276
33.632 155.422 1092.598
116.248 162.585 930.676
176.549 61.639 926.001
183.052 124.391 886.273
64.904 63.540 1040.514
199.562 174.128 962.383
67.945 173.268 942.805
197.517 84.948 1045.106
14.315 37.720 960.711
81.458 127.738 982.394
111.171 57.553 1059.427
36.734 86.618 985.671
43.587 45.389 962.835
158.695 12.146 950.838
103.767 181.838 992.513
159.037 173.343 933.451
162.151 40.891 1030.034
15.034 130.374 947.484
32.904 75.130 1002.246
30.729 56.666 1015.188
78.242 79.901 971.866
75.324 74.314 909.357
128.267 49.297 1033.863
99.208 76.576 950.761
0.946 150.197 1019.202
144.474 114.081 1057.669
193.873 104.371 949.969
81.004 181.033 988.295
60.489 4.184 1018.757
48.920 180.333 1031.727
47.832 128.046 945.209
132.230 137.006 995.807
147.815 149.194 954.551
32.773 127.226 1109.822
93.060 88.851 1045.756
49.452 137.409 929.846
111.620 188.470 940.124
0.334 3.997 973.413
52.938 98.997 945.322
63.558 139.559 1056.332
178.156 118.652 972.901
151.544 179.367 919.860
75.224 113.596 930.643
175.150 175.286 996.301
60.412 133.949 950.294
123.015 124.694 983.798
93.995 118.231 922.840
0.071 185.671 973.785
104.706 197.101 982.310
112.114 59.811 921.282
133.346 20.678 893.772
78.738 43.255 953.480
119.768 20.695 969.847
113.448 78.628 1029.867
1.431 136.603 1007.225
119.641 19.016 1025.765
91.607 143.861 1030.778
41.779 97.268 988.369
122.739 27.586 1033.503
178.185 63.431 939.311
73.039 197.758 1065.983
59.450 55.024 1048.800
95.908 64.279 1127.447
55.243 191.559 923.645
32.367 48.600 1015.898
90.337 97.771 960.610
136.652 54.983 1016.183
69.389 107.817 844.046
134.085 175.290 959.270
96.539 180.313 1004.135
167.762 137.697 1072.274
190.384 27.377 1079.126
147.339 151.252 945.248
0.447 33.312 1001.770
38.836 189.598 1002.398
181.176 149.654 977.349
184.868 198.856 945.982
132.617 133.898 947.256
79.614 177.814 930.405
174.172 134.668 1005.114
159.982 102.499 948.088
118.733 128.558 951.973
38.762 45.967 1000.817
192.907 108.514 1050.332
155.785 1.561 895.337
174.946 49.555 1100.697
37.420 192.947 1049.931
0.000 51.224 9642.798
84.294 0.000 10098.401
200.000 128.213 8674.745
165.440 200.000 10343.228
0.000 28.361 9266.137
103.862 0.000 9863.930
200.000 75.923 9329.838
43.567 200.000 10101.683
0.000 38.067 10029.756
178.461 0.000 10328.306
200.000 49.541 9862.461
167.676 200.000 10674.787
0.000 18.775 10125.734
198.021 0.000 9804.767
200.000 140.131 9599.534
161.234 200.000 9648.882
0.000 189.872 9936.176
87.432 0.000 9149.765
200.000 166.650 9330.945
31.258 200.000 9259.445
0.000 183.408 10403.144
65.068 0.000 10989.426
200.000 80.382 10307.129
144.194 200.000 9915.865
0.000 178.926 10283.647
9.164 0.000 10885.106
200.000 38.412 10207.159
146.972 200.000 9612.127
0.000 143.308 10407.661
102.681 0.000 9328.237
200.000 154.102 10559.894
52.781 200.000 10576.969
0.000 31.003 10081.036
40.024 0.000 9822.501
200.000 42.494 9686.864
16.907 200.000 10013.904
0.000 1.066 9860.870
154.951 0.000 10592.361
200.000 40.964 10525.365
189.972 200.000 9686.021
0.000 14.913 9518.129
21.362 0.000 9870.066
200.000 149.611 9487.137
30.982 200.000 10131.396
0.000 174.914 10147.477
190.659 0.000 9876.711
200.000 39.805 10065.105
31.170 200.000 10109.735
0.000 96.161 10233.882
15.225 0.000 10312.101
200.000 112.864 10715.973
7.651 200.000 9451.574
0.000 72.987 9996.747
111.296 0.000 10044.984
200.000 141.237 10465.785
47.160 200.000 9975.874
0.000 107.475 10508.957
52.676 0.000 9798.485
200.000 198.922 8657.641
139.631 200.000 9069.547
0.000 167.892 10417.896
25.030 0.000 9595.159
200.000 12.846 9623.095
125.275 200.000 10456.089
0.000 36.510 10582.823
148.038 0.000 9475.667
200.000 155.032 9954.290
199.397 200.000 10335.214
0.000 57.248 9800.164
4.795 0.000 9603.205
200.000 173.998 9363.439
180.200 200.000 9406.641
0.000 193.735 11433.595
22.882 0.000 9108.346
200.000 39.435 10431.115
182.055 200.000 9920.742
0.000 107.883 9573.944
103.374 0.000 10302.174
200.000 180.913 10232.174
34.985 200.000 10268.705
0.000 123.915 9147.094
33.871 0.000 10168.622
200.000 123.103 9735.027
127.880 200.000 10360.820
0.000 151.655 9625.869
17.117 0.000 9107.295
200.000 54.967 9842.336
160.470 200.000 9496.556
0.000 191.354 10396.164
179.631 0.000 10409.479
200.000 21.586 10391.072
140.582 200.000 9843.507
0.000 66.672 10128.104
139.013 0.000 9509.563
200.000 50.185 10414.104
13.901 200.000 9294.904
0.000 177.488 10389.003
2.784 0.000 9770.123
200.000 172.063 9735.073
115.964 200.000 10306.479
0.000 144.074 10255.342
33.678 0.000 9831.140
200.000 180.876 10366.964
122.188 200.000 9677.544
0.000 13.789 10287.100
124.868 0.000 9561.775
200.000 20.940 10592.102
190.608 200.000 9525.380
0.000 185.657 9239.402
8.497 0.000 9213.463
200.000 106.366 10505.913
30.463 200.000 9336.693
0.000 48.730 9593.088
154.013 0.000 9226.105
200.000 62.771 9448.946
37.261 200.000 9629.117
0.000 13.622 10248.670
145.793 0.000 9163.503
200.000 170.449 10722.291
86.365 200.000 8985.209
0.000 44.283 9909.195
95.167 0.000 9060.871
200.000 26.245 9401.700
134.455 200.000 8934.117
0.000 172.507 11258.868
127.207 0.000 10115.434
200.000 128.312 9593.867
61.421 200.000 9252.472
0.000 126.179 9722.967
168.871 0.000 10712.812
200.000 193.260 9385.857
157.341 200.000 9915.935
0.000 46.930 10044.081
148.952 0.000 10331.070
200.000 151.063 8430.189
48.579 200.000 9065.829
0.000 55.987 9494.672
127.008 0.000 10189.517
200.000 99.137 9935.211
54.230 200.000 9973.500
0.000 72.011 9682.829
158.958 0.000 9945.520
200.000 24.008 9545.927
21.254 200.000 10435.648
0.000 82.324 10497.687
60.510 0.000 9855.885
200.000 116.168 9584.649
32.964 200.000 9427.090
0.000 83.196 10346.516
16.804 0.000 10710.500
200.000 107.482 10154.997
84.825 200.000 9998.005
0.000 169.271 9007.510
116.449 0.000 10171.634
200.000 159.735 10574.188
138.660 200.000 9714.368
0.000 8.643 10096.600
166.731 0.000 9608.387
200.000 133.719 9653.712
74.154 200.000 9561.732
0.000 14.650 9995.289
184.562 0.000 9758.178
200.000 169.568 10654.387
120.385 200.000 9521.404
0.000 168.676 10097.017
158.810 0.000 10147.347
200.000 61.489 10582.886
43.249 200.000 9799.460
0.000 38.719 9534.608
52.362 0.000 10148.983
200.000 89.260 10017.189
40.109 200.000 8727.154
0.000 2.219 9548.487
123.456 0.000 9949.893
200.000 33.420 9794.159
158.978 200.000 10517.700
0.000 64.865 10619.428
124.264 0.000 10349.100
200.000 153.086 10281.489
50.986 200.000 10322.273
0.000 99.966 9866.132
137.594 0.000 10406.037
200.000 60.138 10097.286
50.667 200.000 9639.010
0.000 171.557 10994.896
36.163 0.000 9574.688
200.000 102.580 10362.537
76.667 200.000 9949.336
0.000 146.780 10367.854
100.457 0.000 10199.493
200.000 101.772 9559.327
125.484 200.000 9841.811
0.000 39.616 10349.380
9.988 0.000 10559.864
200.000 30.189 10032.998
119.053 200.000 9879.537
0.000 103.664 10710.188
126.024 0.000 9543.775
200.000 116.367 9500.939
57.264 200.000 9350.338
0.000 27.543 10660.166
63.581 0.000 9723.111
200.000 187.374 9689.769
99.728 200.000 9067.523
0.000 145.385 10529.552
83.897 0.000 10222.844
200.000 150.101 10397.944
183.101 200.000 10098.752
0.000 127.713 10461.938
117.487 0.000 10176.969
200.000 141.289 10370.883
181.710 200.000 9853.465
0.000 166.829 9916.664
59.919 0.000 10256.482
200.000 78.761 9954.149
161.112 200.000 9595.840
0.000 36.551 9549.828
72.573 0.000 9914.115
200.000 17.685 10827.997
7.950 200.000 10179.052
0.000 124.529 10614.779
60.063 0.000 9894.851
200.000 52.063 8761.062
129.896 200.000 9632.211
0.000 156.453 10276.108
2.344 0.000 10089.530
200.000 108.470 10987.477
90.147 200.000 10343.268
0.000 197.363 9918.422
144.261 0.000 9950.667
200.000 190.151 9575.235
86.900 200.000 9441.112
0.000 197.751 9765.018
112.269 0.000 9506.359
200.000 82.727 10269.859
1.078 200.000 10325.640
0.000 119.673 9737.686
140.830 0.000 10548.416
200.000 106.301 10059.881
79.120 200.000 10991.606
0.000 72.131 10486.327
116.616 0.000 10869.783
200.000 23.526 10448.607
32.054 200.000 9397.429
0.000 71.509 10589.076
45.536 0.000 9207.229
200.000 39.112 10236.094
194.609 200.000 9897.258
0.000 170.404 9689.562
36.178 0.000 10144.218
200.000 35.412 9814.301
188.322 200.000 9614.891
0.000 24.189 9455.596
49.595 0.000 9752.420
200.000 87.124 10085.839
3.702 200.000 10934.719
0.000 160.483 9182.800
157.077 0.000 8889.485
200.000 61.694 9809.396
34.577 200.000 9774.429
0.000 102.327 9663.763
197.835 0.000 9959.275
200.000 197.240 10495.312
76.763 200.000 9814.411
0.000 132.500 11000.656
43.802 0.000 9504.242
200.000 13.752 9953.438
7.288 200.000 9734.507
0.000 198.299 10717.654
175.652 0.000 9333.759
200.000 144.820 10351.020
121.480 200.000 9974.430
0.000 10.809 9406.936
67.424 0.000 10452.049
200.000 65.864 9997.676
108.541 200.000 9028.879
0.000 92.682 10205.289
174.416 0.000 10105.794
200.000 13.602 9735.146
7.336 200.000 9729.117
0.000 188.426 10768.749
47.881 0.000 10035.443
200.000 94.712 9154.107
98.932 200.000 9814.345
0.000 77.923 10275.383
158.176 0.000 9627.098
200.000 180.938 10480.404
74.012 200.000 10638.097
0.000 131.121 9627.719
38.800 0.000 9339.721
200.000 181.544 10592.258
136.743 200.000 10271.127
0.000 195.606 9441.244
106.019 0.000 10438.986
200.000 146.326 10610.623
89.727 200.000 10560.551
0.000 103.906 9740.403
63.958 0.000 9927.003
200.000 17.455 9398.722
28.799 200.000 9851.061
0.000 66.047 10178.734
165.161 0.000 9716.962
200.000 147.273 10273.084
144.682 200.000 10241.679
0.000 75.432 9845.956
148.160 0.000 10185.324
200.000 75.990 10087.308
114.790 200.000 9566.805
0.000 5.704 10066.266
164.804 0.000 9981.633
200.000 99.516 9174.462
80.767 200.000 10521.958
0.000 122.493 10083.751
52.177 0.000 10965.171
200.000 106.255 9521.373
55.797 200.000 10017.131
0.000 87.377 10828.853
8.932 0.000 11071.791
200.000 58.418 9433.935
11.531 200.000 10127.886
0.000 56.617 10606.268
194.126 0.000 9980.009
200.000 37.778 10071.313
15.522 200.000 9945.925
0.000 118.484 9748.172
34.024 0.000 10857.823
200.000 167.126 9602.840
116.575 200.000 9657.180
0.000 158.467 9431.593
101.092 0.000 9610.795
200.000 24.860 9331.783
184.365 200.000 10822.758
0.000 86.885 8911.411
18.447 0.000 9758.123
200.000 162.815 10267.695
142.257 200.000 10151.232
0.000 151.409 10933.085
3.185 0.000 9799.859
200.000 138.805 10518.143
175.986 200.000 9978.521
0.000 39.118 9068.817
92.320 0.000 11017.716
200.000 74.510 10516.252
57.222 200.000 9926.615
0.000 19.490 10954.324
4.053 0.000 10895.291
200.000 137.778 10063.855
1.313 200.000 10242.234
0.000 107.765 9298.932
172.337 0.000 9778.434
200.000 86.815 10168.652
28.453 200.000 10092.050
0.000 30.967 9345.154
109.774 0.000 10036.880
200.000 79.609 9606.450
26.026 200.000 10220.494
0.000 3.127 9704.247
36.518 0.000 9258.978
200.000 170.400 10584.629
117.214 200.000 10170.035
0.000 96.930 10256.919
46.964 0.000 10095.392
200.000 121.946 9328.156
132.101 200.000 8598.794
0.000 166.456 9935.149
183.214 0.000 10068.463
200.000 82.935 8990.618
188.161 200.000 9526.684
0.000 12.499 10258.891
142.561 0.000 10250.346
200.000 56.271 10099.713
85.602 200.000 9429.601
0.000 175.245 10521.125
100.578 0.000 8675.924
200.000 89.546 9815.353
25.646 200.000 9862.146
0.000 128.005 9579.364
148.499 0.000 9596.824
200.000 60.615 10611.633
107.823 200.000 10046.688
0.000 142.422 10150.604
157.752 0.000 9594.136
200.000 144.278 9059.959
134.316 200.000 10390.846
0.000 49.296 10473.650
187.553 0.000 10374.441
200.000 190.207 9649.534
122.749 200.000 9676.058
0.000 161.240 9640.609
138.424 0.000 9526.688
200.000 141.026 10711.945
4.249 200.000 10540.396
0.000 60.262 10098.639
87.166 0.000 10055.280
200.000 165.728 9246.125
65.614 200.000 9745.377
0.000 120.157 10061.266
125.749 0.000 9871.199
200.000 151.968 10943.785
58.003 200.000 9782.261
0.000 33.105 9442.397
71.455 0.000 10291.412
200.000 180.114 10599.143
143.971 200.000 10030.188
0.000 155.088 10055.837
134.838 0.000 9621.914
200.000 1.171 10978.104
94.881 200.000 10126.803
0.000 182.489 10432.047
80.275 0.000 9277.172
200.000 120.841 9470.278
133.495 200.000 9823.797
0.000 132.097 10279.582
166.459 0.000 10277.853
200.000 189.374 10369.669
187.557 200.000 10026.942
0.000 132.971 9726.179
103.962 0.000 9170.382
200.000 153.095 10156.741
51.686 200.000 10072.216
0.000 6.175 10505.551
161.693 0.000 10126.454
200.000 189.616 9543.808
51.643 200.000 9423.995
0.000 16.833 9706.347
120.550 0.000 10049.794
200.000 98.769 9852.390
27.780 200.000 10444.513
0.000 33.507 11044.864
0.065 0.000 10639.994
200.000 51.345 10194.348
72.036 200.000 10086.981
0.000 86.307 10993.787
134.233 0.000 9064.617
200.000 14.479 10391.895
191.844 200.000 9394.093
0.000 1.921 10461.464
152.025 0.000 9911.014
200.000 55.272 9342.111
160.489 200.000 9808.650
0.000 50.258 9251.718
70.049 0.000 9688.264
200.000 195.070 9433.488
93.266 200.000 9811.232
0.000 15.084 9624.154
160.602 0.000 9053.290
200.000 102.027 10125.653
45.665 200.000 10313.243
0.000 43.402 9694.519
58.524 0.000 10465.475
200.000 45.183 10670.971
151.553 200.000 9865.390
0.000 153.486 10274.793
174.381 0.000 9548.191
200.000 163.907 9809.335
146.552 200.000 11107.355
0.000 199.770 9037.406
185.147 0.000 10129.035
200.000 31.020 10018.824
191.978 200.000 8991.541
0.000 64.680 9684.129
15.954 0.000 9589.410
200.000 159.467 9228.925
42.179 200.000 10007.131
0.000 86.225 9463.806
94.071 0.000 10169.983
200.000 130.820 10952.245
80.444 200.000 10450.350
0.000 148.774 10734.898
198.547 0.000 10141.861
200.000 34.933 9577.944
8.408 200.000 9956.957
0.000 106.992 10027.527
100.833 0.000 9766.861
200.000 24.657 11543.127
16.051 200.000 9729.286
0.000 143.569 10393.725
89.068 0.000 10433.195
200.000 96.046 10053.641
29.347 200.000 10494.477
0.000 149.523 10261.826
32.866 0.000 10207.644
200.000 178.580 10345.968
149.011 200.000 10505.386
0.000 9.679 9630.424
134.557 0.000 10651.566
200.000 47.153 9690.073
103.457 200.000 9391.039
0.000 51.841 9816.516
136.062 0.000 9988.582
200.000 95.236 10480.176
114.709 200.000 9743.919
0.000 3.633 10724.805
63.092 0.000 9832.309
200.000 38.790 9439.689
160.306 200.000 9843.141
0.000 46.871 10511.105
41.766 0.000 10005.216
200.000 18.205 10070.096
38.861 200.000 10999.087
0.000 108.762 10312.232
69.254 0.000 10274.332
200.000 184.947 10170.592
27.170 200.000 10204.401
0.000 105.220 10021.739
20.997 0.000 9959.988
200.000 46.905 9850.912
97.308 200.000 9929.295
0.000 99.776 9584.607
93.049 0.000 10037.420
200.000 76.142 10240.714
140.735 200.000 9401.653
0.000 87.353 10018.139
156.464 0.000 10157.534
200.000 190.505 10308.139
128.841 200.000 10294.195
0.000 189.544 10127.994
104.056 0.000 10522.719
200.000 46.773 9354.454
161.462 200.000 9949.518
0.000 16.742 9986.046
151.211 0.000 10045.331
200.000 19.104 9514.662
57.158 200.000 9714.054
0.000 125.904 8872.097
61.542 0.000 9764.000
200.000 10.449 10148.187
171.520 200.000 9951.179
0.000 41.022 9461.958
175.633 0.000 10319.403
200.000 194.480 10439.688
170.718 200.000 9379.362
0.000 0.457 10336.131
135.470 0.000 10702.607
200.000 134.743 9790.783
87.663 200.000 10130.890
0.000 191.789 10575.454
176.307 0.000 10230.676
200.000 11.385 10437.599
191.967 200.000 10183.495
0.000 54.242 10464.210
94.964 0.000 9986.147
200.000 148.844 10017.342
96.578 200.000 9742.106
0.000 113.476 10078.654
27.027 0.000 9168.904
200.000 97.121 9261.949
43.049 200.000 9551.349
0.000 107.210 9897.062
149.355 0.000 9850.402
200.000 97.217 10118.407
46.449 200.000 10280.701
0.000 14.277 9941.453
101.276 0.000 10064.646
200.000 146.916 10386.150
190.204 200.000 9913.039
0.000 9.528 11021.307
140.176 0.000 9760.396
200.000 68.803 9144.176
52.309 200.000 9702.181
0.000 91.159 8995.421
119.727 0.000 8671.646
200.000 24.999 9271.778
61.404 200.000 9305.188
0.000 170.285 10095.319
163.216 0.000 10221.067
200.000 159.559 10231.474
45.720 200.000 9785.024
0.000 0.439 9854.040
6.554 0.000 9960.119
200.000 153.551 9962.081
73.077 200.000 11162.228
0.000 130.833 9276.583
40.102 0.000 10527.251
200.000 183.119 10449.660
23.356 200.000 9682.232
0.000 62.594 10302.600
24.365 0.000 9740.831
200.000 97.598 9272.408
23.116 200.000 10011.329
0.000 111.817 10287.418
17.725 0.000 10211.371
200.000 160.480 9585.388
30.246 200.000 10363.412
0.000 100.679 10490.807
6.210 0.000 10207.719
200.000 191.051 10717.856
112.362 200.000 10078.566
0.000 1.955 8998.781
46.627 0.000 10781.602
200.000 176.500 10448.281
106.479 200.000 9940.520
0.000 50.706 9838.688
38.781 0.000 10171.474
200.000 4.059 10517.323
142.447 200.000 10494.737
0.000 149.014 9901.791
53.482 0.000 9861.600
200.000 64.740 9793.660
26.881 200.000 9442.642
0.000 148.931 11615.390
77.377 0.000 9993.568
200.000 157.700 9374.192
150.489 200.000 9626.713
0.000 196.962 8822.072
189.839 0.000 9582.107
200.000 153.006 9773.488
162.205 200.000 10408.518
0.000 158.356 10004.034
114.942 0.000 9824.528
200.000 95.722 10405.145
179.259 200.000 10773.979
0.000 4.379 9622.069
13.840 0.000 10161.054
200.000 170.748 9797.610
68.484 200.000 10351.402
0.000 119.526 9537.334
166.818 0.000 9617.030
200.000 125.991 9668.839
48.907 200.000 11103.692
0.000 55.192 10312.265
22.592 0.000 11275.248
200.000 163.475 9434.858
136.878 200.000 10028.551
0.000 60.023 9316.248
98.259 0.000 9455.491
200.000 26.571 9133.260
87.353 200.000 10476.466
0.000 123.341 10418.097
146.592 0.000 9754.910
200.000 192.699 9801.453
82.623 200.000 9980.116
0.000 182.481 10001.734
168.232 0.000 10439.525
200.000 7.112 10582.479
90.535 200.000 9939.472
0.000 190.590 9768.128
155.426 0.000 9457.082
200.000 14.030 9894.073
52.323 200.000 10007.542
0.000 86.077 10012.912
74.632 0.000 9752.848
200.000 29.980 9059.969
58.956 200.000 10436.330
0.000 85.891 9217.875
159.678 0.000 10674.607
200.000 119.403 10706.320
25.413 200.000 10306.798
0.000 166.166 10992.216
77.994 0.000 11623.881
200.000 106.032 9703.277
178.253 200.000 9479.621
0.000 29.706 10706.822
69.346 0.000 9375.814
200.000 169.652 9815.216
162.786 200.000 10007.826
0.000 142.245 10740.725
1.432 0.000 10241.342
200.000 153.827 10633.154
69.404 200.000 10101.215
0.000 10.937 10195.287
63.486 0.000 10251.199
200.000 116.713 9662.736
154.159 200.000 9531.635
0.000 86.825 10690.371
62.781 0.000 9146.594
200.000 36.376 9330.080
58.110 200.000 10541.386
0.000 155.691 9872.969
142.158 0.000 10363.485
200.000 74.463 9865.665
14.499 200.000 9976.141
0.000 62.260 9806.208
80.427 0.000 10290.405
200.000 49.674 9131.295
82.138 200.000 10275.268
0.000 108.781 10492.802
169.622 0.000 9681.598
200.000 175.052 10560.009
8.580 200.000 9718.261
0.000 159.808 9853.162
96.633 0.000 10127.574
200.000 24.217 10508.394
56.319 200.000 9381.979
0.000 126.089 10444.849
108.306 0.000 8631.919
200.000 104.516 10084.067
126.991 200.000 9253.650
0.000 186.586 11232.866
198.908 0.000 9654.492
200.000 139.382 9721.584
164.216 200.000 10555.390
0.000 129.391 10050.462
29.718 0.000 8791.112
200.000 166.562 9703.692
163.053 200.000 10190.058
0.000 26.564 9556.449
58.236 0.000 9526.124
200.000 97.741 9809.315
87.835 200.000 10172.639
0.000 77.806 9482.367
191.913 0.000 9632.377
200.000 31.716 11015.715
153.067 200.000 10302.707
0.000 184.959 9338.439
50.983 0.000 9887.731
200.000 104.136 10911.962
98.753 200.000 10183.643
0.000 81.584 10174.960
54.917 0.000 10687.558
200.000 18.813 9551.021
40.835 200.000 9231.763
0.000 118.895 10931.484
58.087 0.000 9908.926
200.000 176.381 10177.262
154.003 200.000 10012.043
0.000 2.277 9553.953
189.056 0.000 10422.413
200.000 21.083 10260.787
109.999 200.000 10645.586
0.000 162.163 9353.993
158.873 0.000 9897.199
200.000 119.008 9670.720
144.499 200.000 8910.036
0.000 2.988 10842.421
40.493 0.000 10375.502
200.000 136.033 10926.265
130.178 200.000 10186.212
0.000 170.963 9651.350
100.322 0.000 10095.911
200.000 42.635 11214.106
74.204 200.000 9600.604
0.000 133.689 10519.340
162.717 0.000 10205.493
200.000 16.986 10008.315
77.132 200.000 11058.090
0.000 65.046 11091.920
91.926 0.000 10524.754
200.000 104.176 9478.199
103.611 200.000 10043.913
0.000 147.854 10159.403
197.879 0.000 10170.047
200.000 106.646 10368.827
89.265 200.000 9927.982
0.000 46.809 10028.193
63.766 0.000 10223.959
200.000 57.079 10942.916
97.870 200.000 9877.475
0.000 14.062 9932.399
61.748 0.000 9537.204
200.000 95.641 9519.080
91.547 200.000 10898.658
0.000 66.018 9454.008
57.389 0.000 10425.057
200.000 66.076 10382.602
68.433 200.000 9844.079
0.000 87.248 9593.328
91.818 0.000 10316.146
200.000 153.168 9963.659
112.176 200.000 10015.871
0.000 118.949 9411.430
67.588 0.000 10203.140
200.000 35.408 10321.834
46.377 200.000 9627.338
0.000 66.143 10165.730
71.948 0.000 9390.478
200.000 109.894 9995.450
198.934 200.000 9559.882
0.000 175.000 8961.779
51.447 0.000 10104.003
200.000 134.339 10088.459
9.466 200.000 9915.517
0.000 150.699 10860.890
108.853 0.000 9782.406
200.000 132.260 10291.611
86.771 200.000 9439.595
0.000 137.411 10348.572
174.581 0.000 9988.443
200.000 113.696 10333.321
99.012 200.000 10477.465
0.000 7.264 8320.949
195.168 0.000 10101.720
200.000 100.535 9925.980
65.013 200.000 10116.608
0.000 93.841 10394.711
106.397 0.000 9413.314
200.000 172.953 9659.075
9.137 200.000 10543.674
0.000 53.163 10312.676
24.138 0.000 9291.647
200.000 156.754 9886.981
34.275 200.000 10025.272
0.000 141.867 10113.935
90.654 0.000 10130.023
200.000 175.290 9371.125
96.781 200.000 9538.085
0.000 3.878 10286.582
25.832 0.000 10563.979
200.000 85.693 10104.322
166.599 200.000 9447.033
0.000 138.117 10021.423
182.850 0.000 10501.781
200.000 11.906 10291.229
73.533 200.000 9086.827
0.000 14.789 9348.182
16.559 0.000 10981.750
200.000 52.890 10324.564
187.161 200.000 10010.198
0.000 176.106 10357.022
177.494 0.000 9041.825
200.000 129.251 9673.705
55.941 200.000 10155.046
0.000 135.567 9688.598
179.878 0.000 8876.084
200.000 181.678 10037.345
117.444 200.000 10491.104
0.000 35.519 9882.090
32.950 0.000 10190.614
200.000 41.682 9668.690
71.871 200.000 9113.867
0.000 182.628 10277.785
178.607 0.000 10422.398
200.000 147.831 10033.937
31.720 200.000 9790.816
0.000 8.286 10212.455
91.430 0.000 10518.287
200.000 111.387 9136.597
155.510 200.000 9744.302
0.000 40.152 9327.452
190.568 0.000 9980.843
200.000 56.954 9100.616
35.527 200.000 9825.012
0.000 156.499 10180.665
96.016 0.000 10920.457
200.000 0.097 9549.703
40.974 200.000 9318.068
0.000 34.799 9621.021
51.996 0.000 10291.766
200.000 73.791 10054.508
91.971 200.000 10005.692
0.000 140.904 9481.740
67.936 0.000 10661.405
200.000 91.073 10354.117
126.659 200.000 10842.437
0.000 154.583 10131.679
46.632 0.000 9172.570
200.000 71.843 8884.008
4.246 200.000 10348.203
0.000 179.329 9610.459
127.881 0.000 9965.574
200.000 26.399 9375.552
47.112 200.000 9912.417
0.000 173.361 9076.163
67.807 0.000 10101.149
200.000 190.205 10359.755
131.999 200.000 10735.425
0.000 193.224 10096.204
25.802 0.000 10212.740
200.000 110.526 10353.396
53.851 200.000 9206.872
0.000 108.471 9812.997
50.700 0.000 10553.727
200.000 81.091 10318.202
161.500 200.000 9520.351
0.000 30.228 9497.319
187.832 0.000 10827.311
200.000 12.435 8917.659
51.242 200.000 9865.229
0.000 198.128 10088.810
166.535 0.000 9445.038
200.000 148.923 9901.024
57.282 200.000 10705.382
0.000 196.456 9645.431
59.373 0.000 9707.673
200.000 17.296 10687.896
175.988 200.000 9438.507
0.000 191.203 10295.914
46.361 0.000 10317.826
200.000 166.619 9711.093
65.754 200.000 10546.809
0.000 97.328 9521.117
68.486 0.000 9955.812
200.000 133.935 11275.178
133.208 200.000 10442.172
0.000 68.721 9891.535
105.565 0.000 10002.313
200.000 132.341 10685.871
90.755 200.000 10766.851
0.000 14.363 9686.640
194.282 0.000 10755.880
200.000 9.005 9742.847
80.171 200.000 9973.344
0.000 195.650 9762.079
104.775 0.000 9916.009
200.000 97.973 9793.739
94.738 200.000 10438.400
0.000 1.318 10295.723
92.645 0.000 10187.472
200.000 192.276 10790.061
177.586 200.000 9542.190
0.000 162.887 10062.521
45.245 0.000 9346.708
200.000 155.438 9463.397
53.150 200.000 10533.260
0.000 62.522 10254.779
18.676 0.000 10046.844
200.000 153.993 9867.240
51.419 200.000 10135.097
0.000 126.904 9428.588
131.370 0.000 9942.506
200.000 18.882 9838.350
118.366 200.000 9275.682
0.000 8.702 9418.277
162.980 0.000 10099.900
200.000 15.898 9390.556
36.832 200.000 10351.962
0.000 36.305 10199.545
90.964 0.000 9802.085
200.000 5.688 9823.771
19.019 200.000 10713.891
0.000 59.898 9865.899
169.804 0.000 9714.137
200.000 62.390 9320.670
1.076 200.000 10393.711
0.000 112.740 10157.390
54.416 0.000 9899.676
200.000 134.140 10877.686
142.061 200.000 9761.787
0.000 5.920 9416.432
83.014 0.000 10567.794
200.000 37.090 10421.241
180.106 200.000 10310.448
0.000 88.102 9178.827
96.509 0.000 10408.325
200.000 9.933 10097.394
24.813 200.000 9571.168
0.000 3.396 10520.803
91.988 0.000 9783.169
200.000 187.219 10371.746
44.336 200.000 9981.973
0.000 31.978 8789.108
181.896 0.000 9728.723
200.000 149.791 10893.437
196.317 200.000 10257.944
0.000 154.271 9952.957
33.614 0.000 9341.148
200.000 70.611 10200.123
175.871 200.000 9497.735
0.000 154.634 9776.166
180.038 0.000 9152.398
200.000 6.619 10055.238
180.018 200.000 9169.145
0.000 102.480 8972.160
101.097 0.000 10148.442
200.000 87.602 10404.504
124.952 200.000 9793.508
0.000 31.145 9417.108
114.158 0.000 10034.948
200.000 86.340 10179.969
119.032 200.000 9339.426
0.000 173.255 10236.109
8.519 0.000 10597.476
200.000 2.804 10007.416
159.002 200.000 9386.938
0.000 66.315 9741.310
124.291 0.000 9698.395
200.000 106.742 10591.785
132.943 200.000 9691.285
0.000 159.842 10889.818
27.467 0.000 10751.996
200.000 83.981 10270.263
38.899 200.000 10992.296
0.000 8.365 10380.724
127.286 0.000 9636.073
200.000 178.885 8920.932
116.681 200.000 9032.298
0.000 106.878 9950.607
198.477 0.000 9344.508
200.000 198.443 9992.884
32.893 200.000 10607.104
0.000 128.732 9688.821
75.475 0.000 10725.486
200.000 17.060 9713.253
63.424 200.000 11073.916
0.000 118.117 10041.928
17.295 0.000 8862.338
200.000 47.220 9003.028
65.976 200.000 10442.008
0.000 143.206 10414.103
158.948 0.000 9859.453
200.000 199.520 10304.996
168.294 200.000 9071.963
0.000 63.078 10540.562
42.065 0.000 10035.111
200.000 10.143 10464.951
102.319 200.000 9066.960
0.000 32.110 9009.135
12.062 0.000 9590.058
200.000 57.259 10145.354
58.087 200.000 10172.583
